45.425 128.00000000000003
137.425 128.00000000000003
229.425 128.00000000000003
319.125 128.00000000000003
411.125 128.00000000000003
503.125 128.00000000000003
592.825 128.00000000000003
684.825 128.00000000000003
45.425 568.0
137.425 568.0
229.425 568.0
319.125 568.0
411.125 568.0
503.125 568.0
592.825 568.0
684.825 568.0
45.425 48.0
682.525 48.0
45.425 664.0
682.525 664.0
227.70000000000002 44.0
499.1 44.0
227.70000000000002 660.0
499.1 660.0
317.40000000000003 44.0
317.40000000000003 660.0
136.85 44.0
589.95 44.0
136.85 660.0
589.95 660.0
410.54999999999995 44.0
410.54999999999995 660.0
149